308

6611111113(Χαρῖνος)0113111131111.
306. 326. 330. 346. 642. 974.
Charinum 1111. 318. Charini
Hau. 732

Chremes (Χρέμης) 1411. 99. 144.
166. 241. 362. 376. 391. 773.
949. 970. 976. Eu. 601. 631.
617. Hau. 876. 1046. (voe.)
1171. 638. 660. 661. 674. 783.
823, 846. 864. 868. 896. 902.
906. 917. 930. 946. 946. 992.
1111. 636. 730. 743. 761. 766.
Haeo. 76. 94. 117. 148. 429.
436. 493. 618. 666. 686. 691.
631. 644. 666. 787. 796. 844.
861. 869. 862. 883. 894, 938.
10491062. Ρ6. 667. 677. 609.
613. 797. 960. 966. 984. Chre-
mem 1111. 361. 627. Eo. 724.
90916. 63. 8660611111111111
Ao. 472. 633. Chremetis 1113
247. 0111111111(1311.)1111.368.
0111111311Ρ6. 1026
01111313(Χρ1111)111. 106803.
chrysidem An 31 107. 133.
0111116111111 113 133.
801. 926. Chryside 1111. 106
0111111(111111111)0111113111Ρ666
0111111(11111113ς)11111.216.431.
626. 768. 847. 907. (1101.)106.
176. 234. 243. 264. 279. 296.
309. 360. 406. 688, 696. Cli·
1113111 11118611111406606.
821. Cliniae (9811.) Ηαιι 616.
330. (111.)331

Clitipho (Κλειτοφῶν) Heu. 727.
829. 904. (voe.) 209. 240. 244.
273. 321. 336. 363. 662. 676.
679960967.10371067011·
tiphonis 11111. 697 703 767,
0111116113 (Κορίνθιος) Corin·
1111311111. 600. 629
0011111613(Κ11ρ11011)00111111111111
Η11, 86 001111111οΗ111. 96
0111111113(Κρατινος) 01311110 Ph

ONOMAS'PICON 78881771417711

448. Cratinum Ρ6. 447. 013- ’
tini Ao. 681

Crito (Κρίτων) Ao. 801. Hae.
488. (111.) An. 301. 311. 313.
942. 961. Ρ6. 466. Critonem
1111. 906
0113111110(Κτη11φ61) Aa. 668.
689. 776. 778. (111.) 260, 266.
271. 277. 664. Ctesiphonem
{e} 262. 366. 777. Ctesiphoni
0111118 (6111011) cyprum Ad.
224. 230. 278
1111111(Δαν11η)11311333Ε11.686
1131103 (Δᾶος) Ao. 169. 194. 676.
663. 721, 840. 1131111111. 190.
199. 206. 644. 846. 367. 370.
383. 409. 1110116492. 682.
696. 666. 711. 966. 972. 978.
986. 987. Ρ6. 6263. Dauom
1111. 169. 176. 336. 679. 787.
842. 862. 963. Daui Ao. 609.
113110(1111..)1111963. (1111.)302.
416. 838

11311133(Δη11111) (11111111. 80.
100. 116. 129. 136. 373. 386.
392. 422. 428. 461. 467. 483.
489. 492. 600. 764. 770. 806.
818. 821. 831. 882. 917. 924.
968. 961. 971. 97811311133111
Ad. 890

Demipho (Δημοφῶν) Ρ6. 362.

363. 666. (001.) 421. 439. 723. (

796. 906. 926. 969. 1011. 1024.

1031. Demiphonem Ph. 899
Diana Dienee Ao. 682
Dionysia (Δ1101111)Η111.162.
1111161113(Δ1φ1111)1111)111111111. 6
11131113 (Aleuae) 1113011111 Eu 608
Donex (Δόναξ) (111) 1111772.

1101111111 (Δόρκιον) Dorcio Ρ6. ¹

11Ξ1Ξ33(Δ1ρ1111)(001.)811.638. Ι

 

